0.000000000000000000e+00 1.000000000000000000e+00
2.040816326530612290e-01 9.792475210564969279e-01
4.081632653061224580e-01 9.178514149905887543e-01
6.122448979591836871e-01 8.183599245989672255e-01
8.163265306122449161e-01 6.849024400004521951e-01
1.020408163265306145e+00 5.230181084730104457e-01
1.224489795918367374e+00 3.394259323792548355e-01
1.428571428571428603e+00 1.417458972563404584e-01
1.632653061224489832e+00 -6.181729536285420629e-02
1.836734693877551061e+00 -2.628147637413250082e-01
2.040816326530612290e+00 -4.529041164186285995e-01
2.244897959183673741e+00 -6.241957028171254418e-01
2.448979591836734748e+00 -7.695800728569470728e-01
2.653061224489795755e+00 -8.830230543821619982e-01
2.857142857142857206e+00 -9.598162012219899619e-01
3.061224489795918657e+00 -9.967722170508329649e-01
3.265306122448979664e+00 -9.923572439880432583e-01
3.469387755102040671e+00 -9.467545253046645293e-01
3.673469387755102122e+00 -8.618567999191830697e-01
3.877551020408163573e+00 -7.411877443484259365e-01
4.081632653061224580e+00 -5.897557226621226167e-01
4.285714285714285587e+00 -4.138459145431070407e-01
4.489795918367347483e+00 -2.207594491692694838e-01
4.693877551020408490e+00 -1.851037215450351825e-02
4.897959183673469497e+00 1.845069770770078887e-01
5.102040816326530503e+00 3.798663719950793327e-01
5.306122448979591510e+00 5.594594291408051534e-01
5.510204081632653406e+00 7.158321462405541347e-01
5.714285714285714413e+00 8.424942802564230337e-01
5.918367346938775420e+00 9.341887246502055264e-01
6.122448979591837315e+00 9.871097053688655532e-01
6.326530612244898322e+00 9.990607393363355460e-01
6.530612244897959329e+00 9.695457993910897576e-01
6.734693877551020336e+00 8.997899018725932230e-01
6.938775510204081343e+00 7.926882623697213415e-01
7.142857142857143238e+00 6.526861299196695665e-01
7.346938775510204245e+00 4.855942871338694844e-01
7.551020408163265252e+00 2.983478739104074018e-01
7.755102040816327147e+00 9.871854474461515261e-02
7.959183673469388154e+00 -1.050080934634679830e-01
8.163265306122449161e+00 -3.043763751745550694e-01
8.367346938775510168e+00 -4.911115282522227066e-01
8.571428571428571175e+00 -6.574631180319586710e-01
8.775510204081632182e+00 -7.965267287855185563e-01
8.979591836734694965e+00 -9.025305312049614059e-01
9.183673469387755972e+00 -9.710748419350042626e-01
9.387755102040816979e+00 -9.993147322454035697e-01
9.591836734693877986e+00 -9.860781066780927029e-01
9.795918367346938993e+00 -9.319143508198090009e-01
1.000000000000000000e+01 -8.390715290764524381e-01
